#print(solvesys2([[1,-1,-1,0],[58.73,50.76,0,19],[0,-50.76,52.35,0]],0.000000000000000001))
#print(solvesys2([[2,2,10,14],[10,1,1,12],[2,10,1,13]],0.000001))
#print(solvesys2([[4,-1,1,4],[1,6,2,9],[-1,-2,5,2]],0.000001))
#print(solvesys2([[1,2,3],[3,4,7]],0.00001))
#print(solvesys([[3,4,5,6],[0,2,1,7],[0,0,3,9]],0.00001))
#print(solvesys([[1,-1,1,2],[0,1,-1,-1],[0,1,-3,-5]],0.000001))
'''print(solvesys2([[1,2,3,4,30],
                 [-1,2,-3,4,10],
                 [1,1,-1,1,3],
                 [1,1,1,1,10]],0.000001))'''
#print(solvesys2([[1,2,4,31],[5,1,2,29],[3,-1,1,10]],0.0001))
#print(solvesys2([[1,1,1,3],[2,1,1,4],[1,1,3,5]],0.00001))
'''print(solvesys2([[2,1,3,2,0],
                 [2,1,5,1,2],
                 [2,1,4,2,1],
                 [1,3,3,2,6]],0.00000001))'''
'''print(solvesys2([[1,1,1,-1,2],
                 [2,-2,4,2,-2],
                 [2,2,-3,5,3],
                 [3,1,2,-2,-5]],0.00000001))'''
'''print(solvesys2([[3,1,-2,-2,-2],
                 [2,-1,2,2,2],
                 [2,1,-1,-1,-1],
                 [1,1,-3,2,-3]],0.00000001))'''
#print(solvesys2([[0,0,0],[0,0,6]],0.0001))
